0.1  -0.097891  -0.126882  
0.1  -0.0949518  -0.0725668  
0.2  -0.216038  -0.187045  
0.5  -0.1377  -0.359721  
1  1.41696  -0.486094  
1  -0.160853  -0.506532  
5  -0.137585  -0.823796  
10  -0.142433  -0.902759  
50  -0.0562699  -0.858922  
10  -0.0953477  -0.904248  
10  -0.133051  -0.903533  
50  -0.0572668  -0.860551  
100  -0.0425582  -0.775015  
1  -0.162991  -0.457014  
5  -0.137326  -0.828037  
10  -0.109228  -0.902935  
50  -0.0640169  -0.859029  
100  0.0488762  -0.783597  
100  -0.0221924  -0.781766  
50  -0.0342209  -0.860643  
100  -0.0314405  -0.761927  
0.1  -0.118599  -0.128629  
0.2  -0.122602  -0.147367  
0.5  -0.153455  -0.324727  
1  -0.164264  -0.50369  
0.1  -0.102663  -0.13191  
0.2  -0.12166  -0.00446154  
0.5  -0.145403  -0.324569  
1  -0.182605  -0.499247  
1  -0.104426  -0.44207  
5  -0.110117  -0.827378  
1  -0.157391  -0.504799  
1  -0.175038  -0.498761  
1  -0.15597  -0.502484  
5  -0.142578  -0.817112  
1  -0.0631544  -0.427297  
1  2.745  -0.507589  
1  -0.162447  -0.49813  
5  -0.111747  -0.824186  
1  -0.158124  -0.510615  
5  -0.12603  -0.829384  
5  -0.127238  -0.828896  
5  -0.131109  -0.827284  
10  -0.115849  -0.903645  
50  -0.0379963  -0.861072  
100  0.0424993  -0.55806  
5  -0.13165  -0.829372  
10  -0.0926234  -0.904684  
5  -0.123871  -0.774534  
10  -0.10736  -0.903773  
50  -0.0726523  -0.860821  
100  0.0128095  -0.765275  
0.1  -0.101986  -0.119432  
0.2  -0.29822  -0.125273  
0.5  -0.166926  -0.37325  
1  -0.172294  -0.480165  
5  -0.114161  -0.826353  
10  -0.107094  -0.903743  
50  -0.0491413  -0.857925  
100  -0.0207015  -0.779388  
