0.1  -0.108191  -0.130284  
0.2  -0.130154  -0.159247  
0.5  -0.160076  -0.504091  
1  -0.151232  -0.705247  
5  -0.0982397  -0.763287  
10  -0.0881186  -0.941198  
50  -0.033516  -0.816552  
100  -0.04553  -0.710967  
0.1  -0.10736  -0.129084  
0.2  -0.151006  -0.235385  
0.5  0.421823  -0.514179  
1  -0.157913  -0.706518  
5  -0.111556  -0.775515  
10  -0.0912938  -0.940613  
50  -0.0140221  -0.821359  
100  -0.038141  -0.387536  
0.1  -0.0998801  -0.12853  
0.2  -0.155319  -0.258864  
0.5  -0.164998  -0.509592  
1  -0.156546  -0.655583  
5  -0.120374  -0.785386  
10  -0.0852475  -0.939673  
50  -0.0737622  -0.764476  
100  -0.0653213  -0.697508  
0.1  -0.10411  -0.129738  
0.2  1.42915  -0.263606  
0.5  -0.163925  -0.49725  
1  -0.158322  -0.708697  
5  -0.0647996  -0.75311  
